Valor inicial: 2.
1
Número de iterações para alcançar o loop principal: 1
Valor inicial: 4.
2
1
Número de iterações para alcançar o loop principal: 2
Valor inicial: 121112121.
363336364
181668182
90834091
272502274
136251137
408753412
204376706
102188353
306565060
153282530
76641265
229923796
114961898
57480949
172442848
86221424
43110712
21555356
10777678
5388839
16166518
8083259
24249778
12124889
36374668
18187334
9093667
27281002
13640501
40921504
20460752
10230376
5115188
2557594
1278797
3836392
1918196
959098
479549
1438648
719324
359662
179831
539494
269747
809242
404621
1213864
606932
303466
151733
455200
227600
113800
56900
28450
14225
42676
21338
10669
32008
16004
8002
4001
12004
6002
3001
9004
4502
2251
6754
3377
10132
5066
2533
7600
3800
1900
950
475
1426
713
2140
1070
535
1606
803
2410
1205
3616
1808
904
452
226
113
340
170
85
256
128
64
32
16
8
4
2
1
Número de iterações para alcançar o loop principal: 107
Valor inicial: 21544561211.
64633683634
32316841817
96950525452
48475262726
24237631363
72712894090
36356447045
109069341136
54534670568
27267335284
13633667642
6816833821
20450501464
10225250732
5112625366
2556312683
7668938050
3834469025
11503407076
5751703538
2875851769
8627555308
4313777654
2156888827
6470666482
3235333241
9705999724
4852999862
2426499931
7279499794
3639749897
10919249692
5459624846
2729812423
8189437270
4094718635
12284155906
6142077953
18426233860
9213116930
4606558465
13819675396
6909837698
3454918849
10364756548
5182378274
2591189137
7773567412
3886783706
1943391853
5830175560
2915087780
1457543890
728771945
2186315836
1093157918
546578959
1639736878
819868439
2459605318
1229802659
3689407978
1844703989
5534111968
2767055984
1383527992
691763996
345881998
172940999
518822998
259411499
778234498
389117249
1167351748
583675874
291837937
875513812
437756906
218878453
656635360
328317680
164158840
82079420
41039710
20519855
61559566
30779783
92339350
46169675
138509026
69254513
207763540
103881770
51940885
155822656
77911328
38955664
19477832
9738916
4869458
2434729
7304188
3652094
1826047
5478142
2739071
8217214
4108607
12325822
6162911
18488734
9244367
27733102
13866551
41599654
20799827
62399482
31199741
93599224
46799612
23399806
11699903
35099710
17549855
52649566
26324783
78974350
39487175
118461526
59230763
177692290
88846145
266538436
133269218
66634609
199903828
99951914
49975957
149927872
74963936
37481968
18740984
9370492
4685246
2342623
7027870
3513935
10541806
5270903
15812710
7906355
23719066
11859533
35578600
17789300
8894650
4447325
13341976
6670988
3335494
1667747
5003242
2501621
7504864
3752432
1876216
938108
469054
234527
703582
351791
1055374
527687
1583062
791531
2374594
1187297
3561892
1780946
890473
2671420
1335710
667855
2003566
1001783
3005350
1502675
4508026
2254013
6762040
3381020
1690510
845255
2535766
1267883
3803650
1901825
5705476
2852738
1426369
4279108
2139554
1069777
3209332
1604666
802333
2407000
1203500
601750
300875
902626
451313
1353940
676970
338485
1015456
507728
253864
126932
63466
31733
95200
47600
23800
11900
5950
2975
8926
4463
13390
6695
20086
10043
30130
15065
45196
22598
11299
33898
16949
50848
25424
12712
6356
3178
1589
4768
2384
1192
596
298
149
448
224
112
56
28
14
7
22
11
34
17
52
26
13
40
20
10
5
16
8
4
2
1
Número de iterações para alcançar o loop principal: 275
Valor inicial: 1515151.
4545454
2272727
6818182
3409091
10227274
5113637
15340912
7670456
3835228
1917614
958807
2876422
1438211
4314634
2157317
6471952
3235976
1617988
808994
404497
1213492
606746
303373
910120
455060
227530
113765
341296
170648
85324
42662
21331
63994
31997
95992
47996
23998
11999
35998
17999
53998
26999
80998
40499
121498
60749
182248
91124
45562
22781
68344
34172
17086
8543
25630
12815
38446
19223
57670
28835
86506
43253
129760
64880
32440
16220
8110
4055
12166
6083
18250
9125
27376
13688
6844
3422
1711
5134
2567
7702
3851
11554
5777
17332
8666
4333
13000
6500
3250
1625
4876
2438
1219
3658
1829
5488
2744
1372
686
343
1030
515
1546
773
2320
1160
580
290
145
436
218
109
328
164
82
41
124
62
31
94
47
142
71
214
107
322
161
484
242
121
364
182
91
274
137
412
206
103
310
155
466
233
700
350
175
526
263
790
395
1186
593
1780
890
445
1336
668
334
167
502
251
754
377
1132
566
283
850
425
1276
638
319
958
479
1438
719
2158
1079
3238
1619
4858
2429
7288
3644
1822
911
2734
1367
4102
2051
6154
3077
9232
4616
2308
1154
577
1732
866
433
1300
650
325
976
488
244
122
61
184
92
46
23
70
35
106
53
160
80
40
20
10
5
16
8
4
2
1
Número de iterações para alcançar o loop principal: 225
Valor inicial: 31321324564654.
15660662282327
46981986846982
23490993423491
70472980270474
35236490135237
105709470405712
52854735202856
26427367601428
13213683800714
6606841900357
19820525701072
9910262850536
4955131425268
2477565712634
1238782856317
3716348568952
1858174284476
929087142238
464543571119
1393630713358
696815356679
2090446070038
1045223035019
3135669105058
1567834552529
4703503657588
2351751828794
1175875914397
3527627743192
1763813871596
881906935798
440953467899
1322860403698
661430201849
1984290605548
992145302774
496072651387
1488217954162
744108977081
2232326931244
1116163465622
558081732811
1674245198434
837122599217
2511367797652
1255683898826
627841949413
1883525848240
941762924120
470881462060
235440731030
117720365515
353161096546
176580548273
529741644820
264870822410
132435411205
397306233616
198653116808
99326558404
49663279202
24831639601
74494918804
37247459402
18623729701
55871189104
27935594552
13967797276
6983898638
3491949319
10475847958
5237923979
15713771938
7856885969
23570657908
11785328954
5892664477
17677993432
8838996716
4419498358
2209749179
6629247538
3314623769
9943871308
4971935654
2485967827
7457903482
3728951741
11186855224
5593427612
2796713806
1398356903
4195070710
2097535355
6292606066
3146303033
9438909100
4719454550
2359727275
7079181826
3539590913
10618772740
5309386370
2654693185
7964079556
3982039778
1991019889
5973059668
2986529834
1493264917
4479794752
2239897376
1119948688
559974344
279987172
139993586
69996793
209990380
104995190
52497595
157492786
78746393
236239180
118119590
59059795
177179386
88589693
265769080
132884540
66442270
33221135
99663406
49831703
149495110
74747555
224242666
112121333
336364000
168182000
84091000
42045500
21022750
10511375
31534126
15767063
47301190
23650595
70951786
35475893
106427680
53213840
26606920
13303460
6651730
3325865
9977596
4988798
2494399
7483198
3741599
11224798
5612399
16837198
8418599
25255798
12627899
37883698
18941849
56825548
28412774
14206387
42619162
21309581
63928744
31964372
15982186
7991093
23973280
11986640
5993320
2996660
1498330
749165
2247496
1123748
561874
280937
842812
421406
210703
632110
316055
948166
474083
1422250
711125
2133376
1066688
533344
266672
133336
66668
33334
16667
50002
25001
75004
37502
18751
56254
28127
84382
42191
126574
63287
189862
94931
284794
142397
427192
213596
106798
53399
160198
80099
240298
120149
360448
180224
90112
45056
22528
11264
5632
2816
1408
704
352
176
88
44
22
11
34
17
52
26
13
40
20
10
5
16
8
4
2
1
Número de iterações para alcançar o loop principal: 257
Valor inicial: 111111111111111111.
333333333333333334
166666666666666667
500000000000000002
250000000000000001
750000000000000004
375000000000000002
187500000000000001
562500000000000004
281250000000000002
140625000000000001
421875000000000004
210937500000000002
105468750000000001
316406250000000004
158203125000000002
79101562500000001
237304687500000004
118652343750000002
59326171875000001
177978515625000004
88989257812500002
44494628906250001
133483886718750004
66741943359375002
33370971679687501
100112915039062504
50056457519531252
25028228759765626
12514114379882813
37542343139648440
18771171569824220
9385585784912110
4692792892456055
14078378677368166
7039189338684083
21117568016052250
10558784008026125
31676352024078376
15838176012039188
7919088006019594
3959544003009797
11878632009029392
5939316004514696
2969658002257348
1484829001128674
742414500564337
2227243501693012
1113621750846506
556810875423253
1670432626269760
835216313134880
417608156567440
208804078283720
104402039141860
52201019570930
26100509785465
78301529356396
39150764678198
19575382339099
58726147017298
29363073508649
88089220525948
44044610262974
22022305131487
66066915394462
33033457697231
99100373091694
49550186545847
148650559637542
74325279818771
222975839456314
111487919728157
334463759184472
167231879592236
83615939796118
41807969898059
125423909694178
62711954847089
188135864541268
94067932270634
47033966135317
141101898405952
70550949202976
35275474601488
17637737300744
8818868650372
4409434325186
2204717162593
6614151487780
3307075743890
1653537871945
4960613615836
2480306807918
1240153403959
3720460211878
1860230105939
5580690317818
2790345158909
8371035476728
4185517738364
2092758869182
1046379434591
3139138303774
1569569151887
4708707455662
2354353727831
7063061183494
3531530591747
10594591775242
5297295887621
15891887662864
7945943831432
3972971915716
1986485957858
993242978929
2979728936788
1489864468394
744932234197
2234796702592
1117398351296
558699175648
279349587824
139674793912
69837396956
34918698478
17459349239
52378047718
26189023859
78567071578
39283535789
117850607368
58925303684
29462651842
14731325921
44193977764
22096988882
11048494441
33145483324
16572741662
8286370831
24859112494
12429556247
37288668742
18644334371
55933003114
27966501557
83899504672
41949752336
20974876168
10487438084
5243719042
2621859521
7865578564
3932789282
1966394641
5899183924
2949591962
1474795981
4424387944
2212193972
1106096986
553048493
1659145480
829572740
414786370
207393185
622179556
311089778
155544889
466634668
233317334
116658667
349976002
174988001
524964004
262482002
131241001
393723004
196861502
98430751
295292254
147646127
442938382
221469191
664407574
332203787
996611362
498305681
1494917044
747458522
373729261
1121187784
560593892
280296946
140148473
420445420
210222710
105111355
315334066
157667033
473001100
236500550
118250275
354750826
177375413
532126240
266063120
133031560
66515780
33257890
16628945
49886836
24943418
12471709
37415128
18707564
9353782
4676891
14030674
7015337
21046012
10523006
5261503
15784510
7892255
23676766
11838383
35515150
17757575
53272726
26636363
79909090
39954545
119863636
59931818
29965909
89897728
44948864
22474432
11237216
5618608
2809304
1404652
702326
351163
1053490
526745
1580236
790118
395059
1185178
592589
1777768
888884
444442
222221
666664
333332
166666
83333
250000
125000
62500
31250
15625
46876
23438
11719
35158
17579
52738
26369
79108
39554
19777
59332
29666
14833
44500
22250
11125
33376
16688
8344
4172
2086
1043
3130
1565
4696
2348
1174
587
1762
881
2644
1322
661
1984
992
496
248
124
62
31
94
47
142
71
214
107
322
161
484
242
121
364
182
91
274
137
412
206
103
310
155
466
233
700
350
175
526
263
790
395
1186
593
1780
890
445
1336
668
334
167
502
251
754
377
1132
566
283
850
425
1276
638
319
958
479
1438
719
2158
1079
3238
1619
4858
2429
7288
3644
1822
911
2734
1367
4102
2051
6154
3077
9232
4616
2308
1154
577
1732
866
433
1300
650
325
976
488
244
122
61
184
92
46
23
70
35
106
53
160
80
40
20
10
5
16
8
4
2
1
Número de iterações para alcançar o loop principal: 411
Valor inicial: 21321324654564.
10660662327282
5330331163641
15990993490924
7995496745462
3997748372731
11993245118194
5996622559097
17989867677292
8994933838646
4497466919323
13492400757970
6746200378985
20238601136956
10119300568478
5059650284239
15178950852718
7589475426359
22768426279078
11384213139539
34152639418618
17076319709309
51228959127928
25614479563964
12807239781982
6403619890991
19210859672974
9605429836487
28816289509462
14408144754731
43224434264194
21612217132097
64836651396292
32418325698146
16209162849073
48627488547220
24313744273610
12156872136805
36470616410416
18235308205208
9117654102604
4558827051302
2279413525651
6838240576954
3419120288477
10257360865432
5128680432716
2564340216358
1282170108179
3846510324538
1923255162269
5769765486808
2884882743404
1442441371702
721220685851
2163662057554
1081831028777
3245493086332
1622746543166
811373271583
2434119814750
1217059907375
3651179722126
1825589861063
5476769583190
2738384791595
8215154374786
4107577187393
12322731562180
6161365781090
3080682890545
9242048671636
4621024335818
2310512167909
6931536503728
3465768251864
1732884125932
866442062966
433221031483
1299663094450
649831547225
1949494641676
974747320838
487373660419
1462120981258
731060490629
2193181471888
1096590735944
548295367972
274147683986
137073841993
411221525980
205610762990
102805381495
308416144486
154208072243
462624216730
231312108365
693936325096
346968162548
173484081274
86742040637
260226121912
130113060956
65056530478
32528265239
97584795718
48792397859
146377193578
73188596789
219565790368
109782895184
54891447592
27445723796
13722861898
6861430949
20584292848
10292146424
5146073212
2573036606
1286518303
3859554910
1929777455
5789332366
2894666183
8683998550
4341999275
13025997826
6512998913
19538996740
9769498370
4884749185
14654247556
7327123778
3663561889
10990685668
5495342834
2747671417
8243014252
4121507126
2060753563
6182260690
3091130345
9273391036
4636695518
2318347759
6955043278
3477521639
10432564918
5216282459
15648847378
7824423689
23473271068
11736635534
5868317767
17604953302
8802476651
26407429954
13203714977
39611144932
19805572466
9902786233
29708358700
14854179350
7427089675
22281269026
11140634513
33421903540
16710951770
8355475885
25066427656
12533213828
6266606914
3133303457
9399910372
4699955186
2349977593
7049932780
3524966390
1762483195
5287449586
2643724793
7931174380
3965587190
1982793595
5948380786
2974190393
8922571180
4461285590
2230642795
6691928386
3345964193
10037892580
5018946290
2509473145
7528419436
3764209718
1882104859
5646314578
2823157289
8469471868
4234735934
2117367967
6352103902
3176051951
9528155854
4764077927
14292233782
7146116891
21438350674
10719175337
32157526012
16078763006
8039381503
24118144510
12059072255
36177216766
18088608383
54265825150
27132912575
81398737726
40699368863
122098106590
61049053295
183147159886
91573579943
274720739830
137360369915
412081109746
206040554873
618121664620
309060832310
154530416155
463591248466
231795624233
695386872700
347693436350
173846718175
521540154526
260770077263
782310231790
391155115895
1173465347686
586732673843
1760198021530
880099010765
2640297032296
1320148516148
660074258074
330037129037
990111387112
495055693556
247527846778
123763923389
371291770168
185645885084
92822942542
46411471271
139234413814
69617206907
208851620722
104425810361
313277431084
156638715542
78319357771
234958073314
117479036657
352437109972
176218554986
88109277493
264327832480
132163916240
66081958120
33040979060
16520489530
8260244765
24780734296
12390367148
6195183574
3097591787
9292775362
4646387681
13939163044
6969581522
3484790761
10454372284
5227186142
2613593071
7840779214
3920389607
11761168822
5880584411
17641753234
8820876617
26462629852
13231314926
6615657463
19846972390
9923486195
29770458586
14885229293
44655687880
22327843940
11163921970
5581960985
16745882956
8372941478
4186470739
12559412218
6279706109
18839118328
9419559164
4709779582
2354889791
7064669374
3532334687
10597004062
5298502031
15895506094
7947753047
23843259142
11921629571
35764888714
17882444357
53647333072
26823666536
13411833268
6705916634
3352958317
10058874952
5029437476
2514718738
1257359369
3772078108
1886039054
943019527
2829058582
1414529291
4243587874
2121793937
6365381812
3182690906
1591345453
4774036360
2387018180
1193509090
596754545
1790263636
895131818
447565909
1342697728
671348864
335674432
167837216
83918608
41959304
20979652
10489826
5244913
15734740
7867370
3933685
11801056
5900528
2950264
1475132
737566
368783
1106350
553175
1659526
829763
2489290
1244645
3733936
1866968
933484
466742
233371
700114
350057
1050172
525086
262543
787630
393815
1181446
590723
1772170
886085
2658256
1329128
664564
332282
166141
498424
249212
124606
62303
186910
93455
280366
140183
420550
210275
630826
315413
946240
473120
236560
118280
59140
29570
14785
44356
22178
11089
33268
16634
8317
24952
12476
6238
3119
9358
4679
14038
7019
21058
10529
31588
15794
7897
23692
11846
5923
17770
8885
26656
13328
6664
3332
1666
833
2500
1250
625
1876
938
469
1408
704
352
176
88
44
22
11
34
17
52
26
13
40
20
10
5
16
8
4
2
1
Número de iterações para alcançar o loop principal: 471
Valor inicial: 1212121212154521.
3636363636463564
1818181818231782
909090909115891
2727272727347674
1363636363673837
4090909091021512
2045454545510756
1022727272755378
511363636377689
1534090909133068
767045454566534
383522727283267
1150568181849802
575284090924901
1725852272774704
862926136387352
431463068193676
215731534096838
107865767048419
323597301145258
161798650572629
485395951717888
242697975858944
121348987929472
60674493964736
30337246982368
15168623491184
7584311745592
3792155872796
1896077936398
948038968199
2844116904598
1422058452299
4266175356898
2133087678449
6399263035348
3199631517674
1599815758837
4799447276512
2399723638256
1199861819128
599930909564
299965454782
149982727391
449948182174
224974091087
674922273262
337461136631
1012383409894
506191704947
1518575114842
759287557421
2277862672264
1138931336132
569465668066
284732834033
854198502100
427099251050
213549625525
640648876576
320324438288
160162219144
80081109572
40040554786
20020277393
60060832180
30030416090
15015208045
45045624136
22522812068
11261406034
5630703017
16892109052
8446054526
4223027263
12669081790
6334540895
19003622686
9501811343
28505434030
14252717015
42758151046
21379075523
64137226570
32068613285
96205839856
48102919928
24051459964
12025729982
6012864991
18038594974
9019297487
27057892462
13528946231
40586838694
20293419347
60880258042
30440129021
91320387064
45660193532
22830096766
11415048383
34245145150
17122572575
51367717726
25683858863
77051576590
38525788295
115577364886
57788682443
173366047330
86683023665
260049070996
130024535498
65012267749
195036803248
97518401624
48759200812
24379600406
12189800203
36569400610
18284700305
54854100916
27427050458
13713525229
41140575688
20570287844
10285143922
5142571961
15427715884
7713857942
3856928971
11570786914
5785393457
17356180372
8678090186
4339045093
13017135280
6508567640
3254283820
1627141910
813570955
2440712866
1220356433
3661069300
1830534650
915267325
2745801976
1372900988
686450494
343225247
1029675742
514837871
1544513614
772256807
2316770422
1158385211
3475155634
1737577817
5212733452
2606366726
1303183363
3909550090
1954775045
5864325136
2932162568
1466081284
733040642
366520321
1099560964
549780482
274890241
824670724
412335362
206167681
618503044
309251522
154625761
463877284
231938642
115969321
347907964
173953982
86976991
260930974
130465487
391396462
195698231
587094694
293547347
880642042
440321021
1320963064
660481532
330240766
165120383
495361150
247680575
743041726
371520863
1114562590
557281295
1671843886
835921943
2507765830
1253882915
3761648746
1880824373
5642473120
2821236560
1410618280
705309140
352654570
176327285
528981856
264490928
132245464
66122732
33061366
16530683
49592050
24796025
74388076
37194038
18597019
55791058
27895529
83686588
41843294
20921647
62764942
31382471
94147414
47073707
141221122
70610561
211831684
105915842
52957921
158873764
79436882
39718441
119155324
59577662
29788831
89366494
44683247
134049742
67024871
201074614
100537307
301611922
150805961
452417884
226208942
113104471
339313414
169656707
508970122
254485061
763455184
381727592
190863796
95431898
47715949
143147848
71573924
35786962
17893481
53680444
26840222
13420111
40260334
20130167
60390502
30195251
90585754
45292877
135878632
67939316
33969658
16984829
50954488
25477244
12738622
6369311
19107934
9553967
28661902
14330951
42992854
21496427
64489282
32244641
96733924
48366962
24183481
72550444
36275222
18137611
54412834
27206417
81619252
40809626
20404813
61214440
30607220
15303610
7651805
22955416
11477708
5738854
2869427
8608282
4304141
12912424
6456212
3228106
1614053
4842160
2421080
1210540
605270
302635
907906
453953
1361860
680930
340465
1021396
510698
255349
766048
383024
191512
95756
47878
23939
71818
35909
107728
53864
26932
13466
6733
20200
10100
5050
2525
7576
3788
1894
947
2842
1421
4264
2132
1066
533
1600
800
400
200
100
50
25
76
38
19
58
29
88
44
22
11
34
17
52
26
13
40
20
10
5
16
8
4
2
1
Número de iterações para alcançar o loop principal: 389

